012344		
012343			
012342			
012341			
012340		
012339			
012259			
012258			
012221			
012201		
012200			
012199			
012183			
012182	
012181			
012128		
012072
012344			
012343			
012342				
012341		
012340			
012339		
012259		
012258		
012221			
012201		
012200		
012199		
012183		
012182	
012181		
012128		
012072
012538		
012537		
012536		
012535			
012534			
012533	
012532	
012531			
012530		
012529		
012528			
012527		
012526		
012525			
012524			
012523	
012478			
012477	
012476		
012475
012622			
012621  
012620  
012619  
012618  
012578  
012577  
012576  
012575  
012574  
012573  
012572  
012571  
012570  
012569  
012568  
012567  
012566  
012540  
012539  
012764  
012763  
012762  
012761  
012760  
012759  
012758  
012757  
012756  
012755  
012754  
012631  
012630  
012629  
012628  
012627  
012626  
012625  
012624  
012623  
013146  
013145  
013144  
012915  
012891  
012779  
012778  
012777  
012776  
012775  
012774  
012773  
012772  
012771  
012770  
012769  
012768  
012767  
012766  
012765
013310  
013309  
013308  
013307  
013306  
013305  
013304  
013303  
013302  
013301  
013300  
013299  
013298  
013297  
013296  
013187  
013186  
013185  
013184  
013147  
013452  
013451  
013450  
013449  
013448  
013447  
013446  
013445  
013444  
013443  
013442  
013441  
013440  
013439  
013438  
013437  
013436  
013435  
013318  
013317  
013488  
013487  
013470  
013469  
013468  
013467  
013466  
013465  
013464  
013463  
013462  
013461  
013460  
013459  
013458  
013457  
013456  
013455  
013454  
013453  
013509  
013508  
013507  
013506  
013505  
013503  
013502  
013501  
013500  
013499  
013498  
013497  
013496  
013495  
013494  
013493  
013492  
013491  
013490  
013489
013529  
013528  
013527  
013526  
013525  
013524  
013523  
013522  
013521  
013520  
013519  
013518  
013517  
013516  
013515  
013514  
013513  
013512  
013511  
013510  
013550  
013549  
013548  
013547  
013546  
013545  
013544  
013543  
013542  
013541  
013540  
013539  
013538  
013537  
013536  
013534  
013533  
013532  
013531  
013530  
013652  
013649  
013648  
013647  
013646  
013624  
013582  
013581  
013580  
013579  
013560  
013559  
013558  
013557  
013556  
013555  
013554  
013553  
013552  
013551  
014122  
014121  
014120  
014119  
014034  
014033  
014032  
014031  
014030  
014029  
014028  
014027  
013983  
013982  
013981  
013980  
013930  
013929  
013858  
013857  
014392  
014389  
014283  
014282  
014227  
014221  
014220  
014219  
014178  
014177  
014176  
014175  
014174  
014173  
014172  
014171  
014170  
014169  
014131  
014130
014724  
014723  
014722  
014721  
014720  
014719  
014718  
014717  
014716  
014691  
014664  
014531  
014530  
014525  
014524  
014523  
014494  
014493  
014421  
014420  
014805  
014804  
014803  
014792  
014791  
014764  
014763  
014762  
014761  
014760  
014759  
014758  
014757  
014756  
014755  
014754  
014753  
014732  
014731  
014725  
014993  
014992  
014991  
014943  
014942  
014941  
014940  
014939  
014938  
014937  
014936  
014935  
014934  
014933  
014901  
014900  
014899  
014897  
014807  
014806  
015287  
015286  
015279  
015254  
015253  
015252  
015204  
015161  
015141  
015128  
015127  
015126  
015125  
015124  
015123  
015122  
015010  
014996  
014995  
014994  
015325  
015324  
015323  
015322  
015321  
015320  
015319  
015305  
015300  
015299  
015298  
015297  
015296  
015295  
015294  
015292  
015291  
015290  
015289  
015288  
015500  
015499  
015498  
015494  
015493  
015492  
015491  
015420  
015419  
015418  
015385  
015384  
015353  
015352  
015351  
015350  
015349  
015348  
015347  
015346
015586  
015585  
015584  
015583  
015582  
015537  
015517  
015513  
015512  
015511  
015510  
015509  
015508  
015507  
015506  
015505  
015504  
015503  
015502  
015501  
015643  
015642  
015641  
015640  
015639  
015638  
015637  
015636  
015635  
015634  
015633  
015632  
015625  
015593  
015592  
015591  
015590  
015589  
015588  
015587  
015764  
015763  
015745  
015744  
015718  
015716  
015715  
015714  
015713  
015712  
015711  
015710  
015709  
015694  
015693  
015692  
015691  
015690  
015689  
015645  
015802  
015801  
015800  
015799  
015788  
015787  
015786  
015785  
015784  
015783  
015782  
015781  
015780  
015779  
015778  
015769  
015768  
015767  
015766  
015765  
015890  
015889  
015888  
015887  
015886  
015885  
015884  
015883  
015882  
015881  
015880  
015879  
015878  
015877  
015876  
015874  
015873  
015872  
015804  
015803
016011  
016009  
016008  
015989  
015988  
015965  
015964  
015963  
015962  
015961  
015960  
015959  
015958  
015957  
015956  
015955  
015954  
015953  
015926  
015925  
016110  
016109  
016108  
016107  
016106  
016103  
016102  
016101  
016092  
016079  
016078  
016077  
016076  
016075  
016074  
016041  
016040  
016039  
016038  
016037  
016130  
016129  
016128  
016127  
016126  
016125  
016124  
016123  
016122  
016121  
016120  
016119  
016118  
016117  
016116  
016115  
016114  
016113  
016112  
016111  
016164  
016163  
016162  
016161  
016160  
016159  
016158  
016157  
016156  
016155  
016140  
016139  
016138  
016137  
016136  
016135  
016134  
016133  
016132  
016131  
016323  
016322  
016321  
016320  
016319  
016318  
016317  
016316  
016315  
016314  
016313  
016312  
016311  
016310  
016309  
016308  
016307  
016306  
016305  
016200  
016343  
016342  
016341  
016340  
016339  
016338  
016337  
016336  
016335  
016334  
016333  
016332  
016331  
016330  
016329  
016328  
016327  
016326  
016325  
016324
016407  
016406  
016405  
016404  
016403  
016373  
016372  
016371  
016370  
016369  
016353  
016352  
016351  
016350  
016349  
016348  
016347  
016346  
016345  
016344  
016435  
016434  
016433  
016432  
016428  
016427  
016425  
016424  
016423  
016422  
016421  
016420  
016419  
016418  
016417  
016416  
016411  
016410  
016409  
016408  
016523  
016522  
016521  
016520  
016519  
016518  
016517  
016516  
016515  
016514  
016513  
016507  
016506  
016505  
016504  
016455  
016453  
016452  
016451  
016450  
016549  
016548  
016547  
016546  
016545  
016544  
016543  
016542  
016541  
016540  
016539  
016538  
016532  
016531  
016530  
016529  
016528  
016527  
016525  
016524  
016640  
016639  
016638  
016637  
016636  
016635  
016634  
016633  
016632  
016631  
016614  
016613  
016612  
016611  
016610  
016609  
016608  
016571  
016551  
016550  
016732  
016731  
016719  
016718  
016717  
016716  
016715  
016714  
016713  
016712  
016711  
016649  
016648  
016647  
016646  
016645  
016644  
016643  
016642  
016641  
016778  
016777  
016776  
016763  
016762  
016761  
016747  
016746  
016745  
016744  
016743  
016742  
016741  
016740  
016739  
016738  
016736  
016735  
016734  
016733  
016989  
016988  
016987  
016986  
016985  
016984  
016983  
016982  
016964  
016928  
016927  
016926  
016925  
016922  
016921  
016920  
016919  
016907  
016781  
016779
017166  
017165  
017164  
017163  
017162  
017161  
017160  
017159  
017099  
017098  
017081  
017079  
017067  
017066  
017065  
017060  
017041  
017033  
016996  
016995  
017398  
017397  
017396  
017395  
017394  
017373  
017372  
017335  
017308  
017307  
017306  
017302  
017207  
017202  
017201  
017200  
017184  
017183  
017182  
017181  
017782  
017751  
017745  
017679  
017678  
017677  
017676  
017675  
017674  
017581  
017580  
017579  
017578  
017546  
017545  
017544  
017543  
017478  
017459  
017403  
018014  
018013  
018012  
018011  
018010  
018009  
018008  
018007  
017952  
017951  
017950  
017949  
017948  
017947  
017946  
017891  
017861  
017860  
017859  
017809  
018210  
018209  
018132  
018131  
018077  
018076  
018075  
018074  
018073  
018072  
018071  
018070  
018069  
018068  
018067  
018066  
018065  
018064  
018063  
018062  
018345  
018322  
018321  
018299  
018298  
018297  
018296  
018295  
018294  
018293  
018292  
018291  
018290  
018217  
018216  
018215  
018214  
018213  
018212  
018211  
018500  
018499  
018498  
018497  
018496  
018495  
018443  
018393  
018392  
018391  
018390  
018389  
018376  
018375  
018374  
018366  
018349  
018348  
018347  
018346  
018738  
018711  
018710  
018709  
018684  
018683  
018682  
018681  
018680  
018679  
018678  
018677  
018676  
018675  
018674  
018673  
018607  
018503  
018502  
018501
018814  
018813  
018812  
018811  
018810  
018809  
018808  
018807  
018799  
018798  
018748  
018747  
018746  
018745  
018744  
018743  
018742  
018741  
018740  
018739  
019000  
018999  
018998  
018997  
018996  
018995  
018994  
018993  
018946  
018897  
018896  
018895  
018894  
018893  
018892  
018891  
018890  
018817  
018816  
018815  
019328  
019327  
019326  
019276  
019275  
019226  
019185  
019184  
019183  
019164  
019157  
019009  
019008  
019007  
019006  
019005  
019004  
019003  
019002  
019001  
019589  
019579  
019492  
019491  
019490  
019486  
019450  
019449  
019448  
019447  
019446  
019445  
019444  
019443  
019442  
019441  
019440  
019439  
019438  
019437  
019785  
019784  
019783  
019782  
019781  
019780  
019754  
019753  
019752  
019751  
019750  
019749  
019711  
019709  
019708  
019707  
019664  
019623  
019622  
019621  
019976  
019975  
019974  
019973  
019972  
019951  
019949  
019938  
019937  
019936  
019935  
019934  
019933  
019932  
019931  
019930  
019789  
019788  
019787  
019786  
020237  
020236  
020235  
020125  
020110  
020108  
020107  
020106  
020105  
020104  
020039  
020038  
020037  
020036  
020035  
020002  
020001  
019979  
019978  
019977  
020301  
020300  
020299  
020267  
020253  
020252  
020251  
020250  
020249  
020248  
020247  
020246  
020245  
020244  
020243  
020242  
020241  
020240  
020239  
020238  
020602  
020601  
020600  
020599  
020598  
020597  
020596  
020500  
020499  
020498  
020497  
020458  
020457  
020456  
020441  
020401  
020356  
020355  
020311  
020302







